pushplus_token: e5505e7869584cacb552c1ad0db6a7de ## pushplus推送token
refresh_token: 123456abc ## 阿里云网盘刷新token
bilibili_cookie: 123456abc ## B站cookie
kk_cookie: 123456abc ##夸克网盘cookie
jd_cookie: shshshfpa=edb035d7-3f23-1a99-bd99-098993e916b2-1713865034; shshshfpx=edb035d7-3f23-1a99-bd99-098993e916b2-1713865034; pinId=rgGlg3QLXCjlwfePm0kJDw; TrackID=1YoUCZM_sPn7k0ivLat5-_VZt7914jQ3ZGsgmpfaiIJ2wiudhxQvoWqAyL9qrG6cHbEj7lO9kBzh2uyvD62E7Bum82v-Yi3GA0ZF12W1PDq0; thor=AF848B70D2230BA80E03272854A207289DBBDFA3E25498775BF5C8609A6EA1B0DA010261216933F9F8BE13DBA4CB08CEAE19CB65DF03347BCB19C2E7F515FADDAD0E2EBF7BFCD543E753D4AB01F32CDD221D027821FDA387A089F2444C33FE3FFA61DAE0E74F33F58F7E5DD4D23E6C71EA1DA0066439452A9B1CA06CA3BB6149A9A3CF02D09D7F534214135D7F6073BA; light_key=AASBKE7rOxgWQziEhC_QY6yaPl2velM057_qHPobNfhdI-x78GNfe4xObO-SLfWxyCIskGWA; pin=wdBUSmMrpizxED; unick=_waiting--; 3AB9D23F7A4B3C9B=IAB673HWEQCSLR747GVRTBMHE7RRYB3QCEK6VNK4IZNKHJSE4LYSI5DJJC4YYDPNQ3WQGIJJV6HDVNQRWCF5I3PKKE; unpl=JF8EAKNnNSttUR9RUUsGHUYZTVoAW14NGEcAbzJSBwpeHFEDTgJPR0J7XlVdWBRLFx9vZRRUVFNIUw4bAisSEXtdU11UC3sQCmdnAVxbWk5kBRwBEhEgSF1kX20ITRYCbmAGV1pbSV0MGwMaERBLVFJbWThKJwNnYDVkbV9OUwMSCx4WIEptVW4WZkpaA2lmBFVaW0hTBhkLEhIRSl5UXlQOThMzblcG; __jdc=76161171; __jdu=17000622623881002118745; areaId=4; ipLoc-djd=4-50952-0-0; PCSYCityID=CN_500000_500100_0; autoOpenApp_downCloseDate_jd_homePage=1731493598679_1; __jda=76161171.17000622623881002118745.1700062262.1731493574.1731505573.9; 3AB9D23F7A4B3CSS=jdd03IAB673HWEQCSLR747GVRTBMHE7RRYB3QCEK6VNK4IZNKHJSE4LYSI5DJJC4YYDPNQ3WQGIJJV6HDVNQRWCF5I3PKKEAAAAMTEXDE24QAAAAACN5JKJLLMI3D4YX; _gia_d=1; flash=3_fqdeC0mrREae8AKNR-gRBU4wz6IyNWW_B4GtQhv7iLde3JNHAZjAVWuZv0MMWCZJEQOAMYc_IjswNdGPxpqKK2rKAoxfsLxVdT_83uGJvHuqz513wJKxlcLnw-4P4Uvac-D7WQ7o3ns29df9aKXHYxgRfXj_vyMfCHVJMmPFcNnP3sfjJvs*; shshshfpb=BApXSucDOJvZARpvHzWT0LQ9QYP4oL6doBlHHVxtq9xJ1MvS6OoC2; __jdb=76161171.2.17000622623881002118745|9.1731505573; __jdv=76161171|lianmeng__10__c.duomai.com|t_16282_689159734|jingfen|8e4ea57e876e424ba21dfbf7f47d1edc|1731505590656 ##京东cookie
